0.0
0.766044443119
0.984807753012
0.5
-0.342020143326
-0.939692620786
-0.866025403784
-0.173648177667
0.642787609687
1.0
0.642787609687
-0.173648177667
-0.866025403784
-0.939692620786
-0.342020143326
0.5
0.984807753012
0.766044443119
6.12323399574e-16
-0.766044443119
-0.984807753012
-0.5
0.342020143326
0.939692620786
0.866025403784
0.173648177667
-0.642787609687
-1.0
-0.642787609687
0.173648177667
0.866025403784
0.939692620786
0.342020143326
-0.5
-0.984807753012
-0.766044443119
-1.22464679915e-15
0.766044443119
0.984807753012
0.5
-0.342020143326
-0.939692620786
-0.866025403784
-0.173648177667
0.642787609687
1.0
0.642787609687
-0.173648177667
-0.866025403784
-0.939692620786
-0.342020143326
0.5
0.984807753012
0.766044443119
5.38968387752e-15
-0.766044443119
-0.984807753012
-0.5
0.342020143326
0.939692620786
0.866025403784
0.173648177667
-0.642787609687
-1.0
-0.642787609687
0.173648177667
0.866025403784
0.939692620786
0.342020143326
-0.5
-0.984807753012
-0.766044443119
-2.44929359829e-15
0.766044443119
0.984807753012
0.5
-0.342020143326
-0.939692620786
-0.866025403784
-0.173648177667
0.642787609687
1.0
0.642787609687
-0.173648177667
-0.866025403784
-0.939692620786
-0.342020143326
0.5
0.984807753012
0.766044443119
-4.91096680932e-16
-0.766044443119
-0.984807753012
-0.5
0.342020143326
0.939692620786
0.866025403784
0.173648177667
-0.642787609687
-1.0
-0.642787609687
0.173648177667
0.866025403784
0.939692620786
0.342020143326
-0.5
-0.984807753012
-0.766044443119
-1.0779367755e-14
0.766044443119
0.984807753012
0.5
-0.342020143326
-0.939692620786
-0.866025403784
-0.173648177667
0.642787609687
1.0
0.642787609687
-0.173648177667
-0.866025403784
-0.939692620786
-0.342020143326
0.5
0.984807753012
0.766044443119
7.83897747582e-15
-0.766044443119
-0.984807753012
-0.5
0.342020143326
0.939692620786
0.866025403784
0.173648177667
-0.642787609687
-1.0
-0.642787609687
0.173648177667
0.866025403784
0.939692620786
0.342020143326
-0.5
-0.984807753012
-0.766044443119
-4.89858719659e-15
0.766044443119
0.984807753012
0.5
-0.342020143326
-0.939692620786
-0.866025403784
-0.173648177667
0.642787609687
1.0
0.642787609687
-0.173648177667
-0.866025403784
-0.939692620786
-0.342020143326
0.5
0.984807753012
0.766044443119
1.95819691736e-15
-0.766044443119
-0.984807753012
-0.5
0.342020143326
0.939692620786
0.866025403784
0.173648177667
-0.642787609687
-1.0
-0.642787609687
0.173648177667
0.866025403784
0.939692620786
0.342020143326
-0.5
-0.984807753012
-0.766044443119
9.82193361864e-16
0.766044443119
0.984807753012
0.5
-0.342020143326
-0.939692620786
-0.866025403784
-0.173648177667
0.642787609687
1.0
0.642787609687
-0.173648177667
-0.866025403784
-0.939692620786
-0.342020143326
0.5
0.984807753012
0.766044443119
-3.92258364109e-15
-0.766044443119
-0.984807753012
-0.5
0.342020143326
0.939692620786
0.866025403784
0.173648177667
-0.642787609687
-1.0
-0.642787609687
0.173648177667
0.866025403784
0.939692620786
0.342020143326
-0.5
-0.984807753012
-0.766044443119
-2.15587355101e-14
0.766044443119
0.984807753012
0.5
-0.342020143326
-0.939692620786
-0.866025403784
-0.173648177667
0.642787609687
1.0
0.642787609687
-0.173648177667
-0.866025403784
-0.939692620786
-0.342020143326
0.5
0.984807753012
0.766044443119
1.86183452309e-14
-0.766044443119
-0.984807753012
-0.5
0.342020143326
0.939692620786
0.866025403784
0.173648177667
-0.642787609687
-1.0
-0.642787609687
0.173648177667
0.866025403784
0.939692620786
0.342020143326
-0.5
-0.984807753012
-0.766044443119
-1.56779549516e-14
0.766044443119
0.984807753012
0.5
-0.342020143326
-0.939692620786
-0.866025403784
-0.173648177667
0.642787609687
1.0
0.642787609687
-0.173648177667
-0.866025403784
-0.939692620786
-0.342020143326
0.5
0.984807753012
0.766044443119
1.27375646724e-14
-0.766044443119
-0.984807753012
-0.5
0.342020143326
0.939692620786
0.866025403784
0.173648177667
-0.642787609687
-1.0
-0.642787609687
0.173648177667
0.866025403784
0.939692620786
0.342020143326
-0.5
-0.984807753012
-0.766044443119
-9.79717439318e-15
0.766044443119
0.984807753012
0.5
-0.342020143326
-0.939692620786
-0.866025403784
-0.173648177667
0.642787609687
1.0
0.642787609687
-0.173648177667
-0.866025403784
-0.939692620786
-0.342020143326
0.5
0.984807753012
0.766044443119
6.85678411395e-15
-0.766044443119
-0.984807753012
-0.5
0.342020143326
0.939692620786
0.866025403784
0.173648177667
-0.642787609687
-1.0
-0.642787609687
0.173648177667
0.866025403784
0.939692620786
0.342020143326
-0.5
-0.984807753012
-0.766044443119
-3.91639383473e-15
0.766044443119
0.984807753012
0.5
-0.342020143326
-0.939692620786
-0.866025403784
-0.173648177667
0.642787609687
1.0
0.642787609687
-0.173648177667
-0.866025403784
-0.939692620786
-0.342020143326
0.5
0.984807753012
0.766044443119
9.76003555498e-16
-0.766044443119
-0.984807753012
-0.5
0.342020143326
0.939692620786
0.866025403784
0.173648177667
-0.642787609687
-1.0
-0.642787609687
0.173648177667
0.866025403784
0.939692620786
0.342020143326
-0.5
-0.984807753012
-0.766044443119
