39.68
38.639999
38.439999
38.830002
38.619999
38.740002
39.049999
39.279999
39.130001
39.439999
39.099998
38.66
40.259998
40.200001
40.07
39.950001
40.130001
39.900002
39.18
39.41
38.84
39.470001
39.599998
39.970001
39.610001
39.82
39.650002
40.02
39.360001
39.41
39.23
39.290001
39.68
40.299999
39.860001
40.330002
40.849998
40.650002
40.779999
40.700001
40.990002
41.099998
41.060001
41.240002
41.02
41.240002
41.310001
40.419998
40.389999
40.360001
39.970001
40.75
40.529999
41.07
41.16
40.91
40.970001
40.700001
40.619999
40.970001
40.75
41.380001
41.610001
41.48
40.610001
40.220001
38.740002
38.700001
38.950001
38.049999
38.48
38.150002
38.360001
37.889999
37.889999
37.759998
37.990002
36.779999
36.959999
37.290001
36.630001
36.549999
37.110001
36.779999
36.630001
36.630001
35.700001
35.540001
34.84
35.200001
35.080002
35.610001
35.700001
36.450001
35.689999
35.349998
36.32
36.310001
35.330002
34.91
35.23
34.34
34.799999
34.119999
33.939999
34.549999
34.119999
34.790001
34.080002
35.369999
34.939999
34.650002
35.040001
35.82
35.639999
35.75
36.529999
36.919998
37.040001
36.790001
37.009998
36.93
36.59
36.419998
36.349998
36.93
38.91
38.209999
37.650002
37.209999
38.189999
38.580002
38.73
38.82
39.16
37.810001
38.700001
39.23
38.970001
39.18
39.259998
39.459999
39.139999
39.34
39.02
38.700001
38.130001
38.119999
37.299999
38.630001
39.040001
39.919998
40.099998
40.619999
40.349998
40.48
40.200001
39.75
38.84
38.860001
38.880001
38.34
38.369999
38.07
37.790001
36.619999
36.860001
36.869999
37.369999
37.549999
37.259998
37.82
38.040001
38.099998
37.889999
37.66
37.73
37.59
36.889999
36.240002
36.119999
35.509998
35.439999
36.049999
36.060001
35.990002
36.189999
36.830002
36.380001
36.740002
38.27
37.990002
37.560001
37.919998
37.610001
37.09
37.68
36.27
36.900002
36.75
36.009998
37.09
37.459999
36.82
36.91
35.450001
36.080002
37.549999
38.630001
39.529999
39.830002
39.720001
39.41
39.310001
39.279999
39.169998
39.889999
39.560001
39.32
39.639999
39.66
39.709999
39.939999
39.650002
39.790001
39.279999
38.509998
39.00
39.00
39.419998
39.57
39.93
40.400002
40.959999
40.790001
40.779999
40.799999
40.360001
40.18
39.77
40.16
40.150002
40.360001
40.240002
40.299999
40.419998
40.990002
41.060001
41.200001
41.709999
41.490002
41.59
42.740002
44.91
44.639999
43.720001
44.34
44.279999
43.939999
43.07
43.099998
43.810001
43.77
43.970001
43.700001
43.790001
43.490002
43.860001
44.139999
43.330002
43.93
44.279999
44.290001
44.32
44.240002
44.150002
44.380001
43.790001
43.57
43.84
44.009998
43.48
43.259998
43.919998
44.59
44.369999
43.619999
44.73
44.50
43.610001
43.080002
43.389999
43.549999
43.419998
43.32
43.00
43.459999
43.990002
42.73
43.080002
43.509998
43.200001
43.110001
42.959999
42.959999
42.619999
42.939999
43.150002
43.439999
42.639999
42.990002
42.93
43.709999
44.25
44.41
44.16
44.130001
42.869999
43.41
42.380001
41.619999
41.470001
41.82
42.689999
42.380001
43.799999
43.610001
43.380001
44.029999
43.82
43.889999
43.73
43.880001
43.779999
43.77
44.110001
44.099998
43.84
43.93
43.889999
43.360001
43.990002
43.400002
42.98
43.16
42.419998
43.040001
42.68
41.889999
42.860001
42.689999
43.400002
43.900002
44.189999
44.049999
43.490002
43.900002
43.509998
42.630001
43.060001
42.93
43.27
43.389999
43.41
43.150002
43.139999
43.59
44.330002
44.970001
45.34
45.610001
46.099998
46.23
46.009998
45.650002
46.00
45.349998
41.16
40.630001
41.110001
39.950001
40.759998
40.919998
41.869999
41.369999
41.93
41.889999
42.060001
42.18
42.080002
42.41
41.869999
41.150002
41.43
41.439999
40.919998
40.919998
41.259998
41.16
40.84
40.720001
40.139999
40.470001
40.450001
39.939999
39.810001
39.290001
39.130001
38.990002
39.049999
38.50
38.580002
38.650002
38.43
38.73
38.23
37.639999
38.349998
37.799999
37.869999
37.560001
38.299999
38.459999
38.23
38.099998
38.740002
39.02
38.459999
39.080002
38.889999
38.27
38.09
38.279999
38.439999
38.950001
38.759998
39.419998
38.830002
39.580002
39.799999
41.549999
41.139999
41.189999
40.66
40.50
40.68
40.709999
40.709999
40.639999
41.27
41.549999
41.900002
41.66
41.529999
41.27
41.639999
41.84
41.740002
41.630001
41.580002
41.25
41.41
40.639999
40.279999
40.220001
40.240002
39.900002
39.919998
39.939999
39.669998
40.16
39.959999
40.099998
39.610001
40.389999
40.959999
40.630001
40.549999
40.330002
40.470001
40.310001
40.43
40.009998
40.00
39.91
40.259998
40.540001
40.490002
40.130001
40.32
40.259998
40.560001
40.889999
41.34
40.950001
40.77
40.529999
40.529999
40.150002
40.459999
40.759998
41.099998
40.82
42.509998
42.810001
42.32
42.150002
42.139999
42.00
42.560001
42.66
42.700001
42.630001
42.099998
41.700001
41.810001
41.970001
42.02
42.200001
41.57
41.91
42.150002
41.52
41.68
41.560001
42.16
41.689999
41.93
41.880001
41.889999
41.950001
41.040001
40.869999
41.060001
41.009998
41.209999
40.810001
40.970001
40.880001
40.110001
40.130001
39.450001
39.75
39.790001
40.459999
40.240002
40.080002
40.130001
39.73
39.57
38.98
39.790001
40.880001
40.240002
39.470001
39.98
40.369999
41.130001
41.490002
40.91
39.57
39.240002
39.080002
38.400002
38.18
37.50
38.369999
38.549999
38.84
38.220001
37.599998
37.650002
38.52
38.900002
38.860001
38.830002
39.459999
39.50
39.41
38.509998
39.110001
38.950001
38.50
38.25
38.139999
38.099998
38.27
37.869999
37.970001
37.98
38.419998
38.07
37.84
37.299999
37.189999
36.720001
35.950001
35.959999
35.84
36.900002
37.400002
36.970001
37.099998
36.490002
37.110001
38.150002
37.98
38.110001
38.209999
38.290001
38.41
38.209999
37.75
38.110001
37.650002
37.720001
37.849998
37.470001
37.619999
37.84
38.259998
37.990002
37.98
37.689999
37.32
36.93
36.369999
36.599998
34.599998
33.630001
33.540001
33.23
33.599998
34.560001
34.799999
35.599998
35.48
34.849998
35.07
35.07
35.080002
35.290001
35.290001
34.93
34.779999
34.830002
34.939999
34.75
34.759998
34.93
34.919998
34.380001
35.00
34.700001
34.369999
34.349998
34.00
34.07
33.50
33.709999
33.529999
33.50
33.529999
33.709999
33.139999
33.150002
33.07
32.700001
32.900002
32.950001
32.900002
32.869999
33.02
32.75
33.279999
33.259998
32.990002
32.189999
32.369999
32.84
33.209999
33.240002
33.68
33.50
33.169998
33.779999
33.810001
33.869999
33.639999
33.939999
34.049999
33.889999
33.869999
33.259998
32.970001
32.459999
32.790001
33.02
32.860001
32.75
32.200001
32.259998
32.32
32.02
31.860001
31.700001
31.66
31.780001
32.34
31.77
32.400002
32.299999
32.200001
32.060001
32.41
32.73
33.57
33.25
33.25
32.919998
33.02
32.82
33.00
32.779999
32.57
32.75
32.349998
32.549999
32.48
32.540001
32.369999
32.389999
32.07
31.870001
31.860001
32.009998
32.16
32.00
32.009998
31.25
31.860001
31.23
31.52
31.65
31.190001
30.700001
30.10
30.110001
30.709999
30.450001
30.139999
29.959999
30.17
30.139999
33.209999
34.09
34.400002
34.27
33.77
34.25
33.52
33.57
34.049999
33.810001
33.349998
34.119999
34.16
34.389999
33.779999
34.34
34.400002
34.529999
34.049999
34.23
34.119999
35.099998
34.900002
35.029999
34.369999
33.990002
33.669998
33.779999
34.02
33.700001
33.459999
33.259998
33.509998
33.380001
33.689999
33.16
32.779999
32.240002
32.360001
32.27
32.509998
32.459999
32.52
32.369999
32.119999
32.490002
33.419998
32.799999
33.459999
33.619999
33.73
33.040001
32.360001
32.029999
32.369999
32.400002
32.740002
32.41
32.330002
31.950001
31.540001
31.25
31.98
32.299999
35.77
35.689999
36.040001
36.34
36.299999
35.580002
35.43
35.880001
35.709999
35.939999
35.860001
35.459999
35.049999
34.630001
34.240002
34.68
34.32
34.279999
34.75
34.279999
35.009998
35.400002
34.810001
34.900002
34.990002
35.110001
34.959999
34.900002
34.560001
35.099998
35.48
35.130001
36.209999
35.509998
35.380001
35.779999
35.540001
35.380001
34.939999
34.689999
34.93
35.110001
34.619999
34.639999
34.700001
34.959999
34.860001
34.91
34.459999
34.439999
34.43
34.610001
34.310001
34.689999
33.32
33.02
33.27
33.610001
33.610001
33.759998
33.939999
34.09
32.880001
32.32
31.959999
31.610001
31.940001
32.34
32.07
31.92
32.029999
32.00
32.380001
32.310001
32.18
31.84
31.799999
31.219999
30.959999
30.92
30.40
30.200001
30.139999
30.00
29.950001
29.58
30.02
30.299999
30.35
30.42
30.790001
31.629999
31.25
31.209999
31.48
31.08
30.99
30.860001
30.60
30.59
30.799999
30.48
31.120001
31.23
31.870001
31.299999
31.00
30.719999
30.58
30.65
31.18
31.389999
31.90
31.82
31.65
31.67
31.459999
31.219999
30.73
31.299999
32.220001
32.470001
32.259998
32.779999
33.02
33.099998
32.950001
32.619999
32.259998
32.32
32.310001
32.599998
32.630001
32.07
31.57
31.65
31.17
31.49
31.58
31.83
31.950001
31.59
31.700001
31.75
32.040001
32.200001
32.029999
31.549999
31.35
31.360001
31.610001
31.370001
31.16
31.50
31.00
30.719999
29.92
30.32
30.200001
30.58
30.77
30.00
29.26
29.32
29.65
30.120001
30.870001
30.50
29.92
29.52
29.58
28.82
29.23
29.049999
29.10
29.18
29.719999
29.969999
29.799999
29.700001
28.17
28.17
27.83
27.620001
28.00
27.809999
28.49
27.959999
27.120001
27.700001
26.91
27.02
27.030001
26.809999
27.16
27.18
27.530001
26.709999
26.200001
26.00
26.469999
26.17
26.459999
26.139999
26.120001
26.68
26.360001
26.26
25.610001
26.25
26.719999
27.059999
26.959999
27.00
27.02
27.780001
27.93
27.92
28.41
29.379999
29.709999
29.57
29.40
29.24
29.02
28.870001
28.690001
28.48
28.879999
29.01
29.129999
29.280001
28.639999
28.559999
28.700001
28.139999
28.35
29.01
29.559999
29.16
29.389999
29.530001
29.16
29.299999
29.360001
29.35
29.16
28.549999
28.629999
29.41
30.10
29.76
29.74
30.059999
29.84
30.129999
29.709999
30.129999
30.07
30.219999
29.940001
30.24
29.959999
29.83
29.25
29.389999
29.26
29.25
28.809999
28.549999
28.74
28.790001
28.950001
27.98
28.24
28.43
28.50
28.889999
28.73
28.950001
29.00
29.110001
28.809999
28.879999
28.209999
28.60
28.42
28.290001
28.51
28.51
28.389999
28.709999
28.559999
28.34
27.66
27.34
27.17
26.889999
26.969999
27.030001
26.93
26.59
26.01
25.860001
25.65
25.799999
25.51
25.629999
26.059999
25.690001
25.77
29.17
28.610001
29.209999
29.030001
29.870001
30.83
31.32
31.690001
30.74
31.540001
31.73
31.90
31.200001
31.67
31.35
29.74
29.870001
28.74
29.00
29.809999
29.91
30.60
30.82
31.99
32.959999
32.299999
32.369999
31.73
31.59
33.610001
32.869999
32.549999
33.110001
32.279999
31.690001
32.77
33.689999
33.66
32.400002
32.369999
32.869999
32.119999
31.530001
31.49
31.879999
31.23
31.85
31.139999
31.110001
30.93
30.969999
29.91
30.07
29.51
28.690001
27.940001
28.74
29.65
29.450001
30.129999
29.709999
28.90
28.34
29.540001
28.35
29.02
29.23
28.950001
28.15
27.719999
26.75
26.00
26.719999
27.629999
26.49
26.969999
27.84
28.07
27.870001
27.91
26.65
25.90
26.68
26.200001
25.059999
24.780001
25.190001
27.469999
27.57
27.639999
27.389999
27.700001
26.48
27.60
26.02
28.35
28.879999
30.190001
29.549999
30.110001
30.58
30.67
30.709999
32.150002
32.209999
32.549999
32.470001
32.080002
32.639999
31.49
32.09
32.049999
32.689999
32.599998
33.139999
33.939999
34.09
33.209999
33.060001
33.049999
32.91
32.43
32.34
31.58
31.139999
32.459999
32.200001
32.650002
31.91
31.18
30.799999
31.16
32.080002
31.629999
31.18
31.629999
31.25
31.84
32.189999
32.330002
32.720001
32.880001
34.220001
33.700001
33.400002
32.990002
33.040001
33.16
34.27
34.50
33.91
33.939999
34.18
35.189999
35.73
34.98
35.619999
35.200001
34.869999
34.669998
35.25
36.139999
36.369999
35.959999
35.290001
35.25
34.970001
34.830002
34.75
34.110001
33.669998
33.630001
34.18
33.799999
33.700001
33.400002
33.779999
33.540001
33.720001
33.580002
33.919998
34.139999
34.02
33.43
33.049999
33.16
32.560001
32.639999
32.139999
31.41
31.129999
31.42
30.76
30.549999
30.200001
31.17
31.59
31.91
31.799999
32.790001
32.740002
32.099998
32.759998
33.029999
32.119999
31.67
32.900002
32.950001
32.25
32.18
32.529999
33.68
33.009998
33.110001
32.759998
33.290001
33.470001
33.259998
32.889999
33.029999
32.98
32.619999
32.990002
33.139999
33.240002
32.029999
32.00
32.919998
32.560001
32.290001
32.400002
32.509998
32.310001
31.60
31.530001
31.25
31.18
30.940001
30.99
31.040001
31.030001
31.17
31.040001
31.48
31.620001
31.299999
31.290001
31.50
31.57
31.66
31.540001
31.66
31.76
31.67
31.459999
30.27
30.49
30.51
30.42
29.940001
29.26
29.23
29.049999
28.73
28.809999
28.10
27.65
27.049999
27.219999
27.49
27.74
27.190001
28.049999
28.15
28.309999
27.91
27.58
28.40
28.32
28.57
28.690001
28.74
29.040001
29.25
29.469999
29.200001
29.530001
29.129999
29.379999
29.360001
28.700001
28.629999
28.84
28.99
28.82
28.639999
29.129999
29.23
28.90
28.33
28.60
27.950001
27.85
28.00
27.690001
27.58
27.299999
26.90
27.24
26.85
27.17
